3
6
03 10103538 2222 1233 6160 0142 
03 10103538 2222 1233 6160 0141 
30 10103538 2222 1233 6160 0141 
30 10103538 2222 1233 6160 0142 
30 10103538 2222 1233 6160 0141 
30 10103538 2222 1233 6160 0142 

5
30 10103538 2222 1233 6160 0144 
30 10103538 2222 1233 6160 0142 
30 10103538 2222 1233 6160 0145 
30 10103538 2222 1233 6160 0146 
30 10103538 2222 1233 6160 0143 

10
00 00000000 0000 0042 0000 0053
00 00000000 0000 0098 0000 0077
00 00000000 0000 0006 0000 0016
00 00000000 0000 0046 0000 0043
00 00000000 0000 0077 0000 0021
00 00000000 0000 0037 0000 0037
00 00000000 0000 0001 0000 0011
00 00000000 0000 0096 0000 0052
00 00000000 0000 0069 0000 0082
00 00000000 0000 0083 0000 0059 
